0 0.106505 0.079719 0.066327 0.159438
0 0.233418 0.193878 0.121173 0.354592
0 0.079082 0.492985 0.110969 0.133929
0 0.457270 0.579719 0.084184 0.179847
0 0.731505 0.434311 0.178571 0.159439
0 0.649872 0.512117 0.079082 0.108418
0 0.583546 0.420281 0.107143 0.128827
0 0.494898 0.119898 0.098214 0.239796
0 0.561224 0.056760 0.082908 0.113520
1 0.486607 0.324617 0.063776 0.123724
1 0.903061 0.389031 0.067602 0.071429
1 0.938138 0.466199 0.079082 0.052296
1 0.887755 0.522959 0.070153 0.094388
1 0.792092 0.515944 0.080357 0.093112
1 0.808036 0.617985 0.058673 0.075255
1 0.320153 0.628827 0.113520 0.204082
1 0.245536 0.716199 0.086735 0.172194
1 0.356505 0.757015 0.096939 0.090561
1 0.023916 0.723852 0.047832 0.110969
1 0.219388 0.478954 0.088010 0.116071
0 0.281888 0.385842 0.131378 0.136480