1 0.527423 0.647959 0.155612 0.119898
1 0.612245 0.574617 0.121173 0.113520
1 0.519770 0.518495 0.132653 0.151786
1 0.427296 0.412628 0.139031 0.118622
1 0.318878 0.363520 0.118622 0.168367
1 0.216837 0.470026 0.133929 0.200255
1 0.115434 0.234056 0.107143 0.218112
1 0.298469 0.149872 0.062500 0.202806
1 0.352041 0.174107 0.059949 0.121173
1 0.284439 0.081633 0.095663 0.163265
1 0.616709 0.177296 0.150510 0.234694
1 0.452168 0.281888 0.104592 0.183673
0 0.741709 0.380740 0.173469 0.202806
0 0.807398 0.252551 0.116071 0.160714
0 0.914541 0.485969 0.154337 0.089286
0 0.115115 0.669643 0.230230 0.270408
0 0.350128 0.529974 0.150510 0.205357