1 0.228316 0.828444 0.248724 0.241071
1 0.735969 0.843112 0.149235 0.260204
1 0.705357 0.704082 0.355867 0.076531
1 0.172832 0.939413 0.311224 0.121173
1 0.807398 0.799107 0.136480 0.085459
1 0.334821 0.659439 0.079082 0.114796
1 0.306122 0.511480 0.235969 0.158163
1 0.454719 0.223852 0.112245 0.080357
1 0.593112 0.325255 0.210459 0.181122
1 0.816327 0.348852 0.286990 0.098214
1 0.904656 0.235969 0.190688 0.135204
1 0.802296 0.125000 0.141582 0.193878
1 0.645408 0.147321 0.177296 0.105867
1 0.426658 0.089923 0.198980 0.179846
0 0.084503 0.146684 0.169005 0.204082
0 0.177934 0.519133 0.234694 0.147959
0 0.285077 0.367347 0.272959 0.186224
0 0.475765 0.533801 0.238520 0.195153
0 0.955038 0.715561 0.089923 0.153061
0 0.731505 0.491709 0.142857 0.202806
0 0.639031 0.628827 0.312500 0.102041
0 0.855230 0.517219 0.147959 0.105867
0 0.429209 0.332908 0.140306 0.191327