1 0.209184 0.362883 0.200255 0.126276
1 0.149872 0.081633 0.178571 0.163265
1 0.430485 0.095026 0.140306 0.049745
1 0.247449 0.234056 0.080357 0.098214
1 0.594388 0.202806 0.317602 0.045918
1 0.695791 0.127551 0.096939 0.076531
1 0.624362 0.102041 0.147959 0.204082
1 0.822704 0.200255 0.085459 0.127551
1 0.971620 0.298469 0.056760 0.125000
1 0.771046 0.655612 0.198980 0.135204
1 0.879464 0.806760 0.073980 0.118622
1 0.668367 0.544643 0.264031 0.096939
1 0.475128 0.547832 0.188776 0.159439
1 0.505740 0.710459 0.155612 0.112245
1 0.329719 0.641582 0.086735 0.053571
1 0.295918 0.924745 0.182398 0.150510
1 0.080038 0.849490 0.160076 0.244898
1 0.475128 0.836097 0.188776 0.174745
1 0.634566 0.740434 0.132653 0.172194
0 0.739158 0.892219 0.321429 0.195153
0 0.929528 0.623724 0.140944 0.150510
0 0.178571 0.503189 0.215561 0.172194
0 0.093112 0.296556 0.164541 0.215561
0 0.368622 0.351403 0.187500 0.210459
0 0.278061 0.107143 0.110969 0.214286
0 0.587372 0.408801 0.112245 0.177296
0 0.535714 0.272321 0.266582 0.085459
1 0.272959 0.734694 0.223214 0.176020