0 0.740434 0.510204 0.227041 0.198980
0 0.456633 0.355230 0.218112 0.238520
0 0.700255 0.304847 0.110969 0.117347
0 0.088329 0.415816 0.176658 0.237245
0 0.104911 0.670918 0.209821 0.170918
0 0.193240 0.889031 0.109694 0.221938
0 0.488520 0.583546 0.133929 0.126276
1 0.855230 0.164541 0.188776 0.329082
1 0.921875 0.437500 0.156250 0.278061
1 0.938457 0.841199 0.123086 0.317602
1 0.698980 0.880740 0.080357 0.228316
1 0.589923 0.892219 0.114796 0.215561
1 0.459184 0.788903 0.113520 0.246173
1 0.418367 0.536990 0.139031 0.262755
1 0.504464 0.128827 0.140306 0.257653
1 0.116709 0.170281 0.140306 0.312500
1 0.274872 0.542092 0.239796 0.140306
1 0.242347 0.734694 0.054847 0.229592
1 0.355867 0.717474 0.085459 0.207908
1 0.612883 0.584184 0.158163 0.153061
1 0.616709 0.402423 0.071429 0.151786
1 0.598214 0.251276 0.100765 0.165816
1 0.720663 0.401148 0.192602 0.139031