1 0.065370 0.593750 0.130740 0.302296
1 0.162628 0.854592 0.193878 0.290816
1 0.533163 0.868622 0.200255 0.262755
1 0.403061 0.758929 0.103316 0.214286
1 0.265944 0.631378 0.209184 0.150510
1 0.931441 0.825255 0.137117 0.321429
1 0.393495 0.421556 0.188776 0.154337
1 0.468750 0.308036 0.153061 0.179847
1 0.575893 0.200893 0.107143 0.269133
1 0.730230 0.424107 0.244898 0.187500
1 0.579719 0.457908 0.135204 0.260204
1 0.762117 0.216837 0.048469 0.257653
1 0.896684 0.080357 0.108418 0.160714
1 0.260204 0.126913 0.151786 0.253826
1 0.142857 0.193240 0.123724 0.072704
0 0.568240 0.648597 0.219388 0.235969
0 0.916135 0.552934 0.167730 0.261480
0 0.897640 0.272959 0.204719 0.178571
0 0.794643 0.113520 0.082908 0.227040
0 0.378827 0.093112 0.110969 0.186224
0 0.229592 0.503189 0.248724 0.167092