0 0.525510 0.297194 0.312500 0.349490
0 0.146046 0.309949 0.221939 0.196429
0 0.070472 0.437500 0.140944 0.334184
0 0.614158 0.603316 0.186224 0.145408
1 0.502551 0.544005 0.151786 0.401786
1 0.730867 0.346939 0.108418 0.232143
1 0.894452 0.285077 0.211096 0.184949
1 0.737245 0.135842 0.139031 0.271684
1 0.600128 0.080357 0.186224 0.160714
1 0.063457 0.140306 0.126913 0.280612
1 0.209821 0.266582 0.140306 0.237245
1 0.299745 0.588010 0.274235 0.237245
1 0.281250 0.839923 0.102041 0.320153
1 0.340561 0.750638 0.105867 0.235969
1 0.442602 0.810587 0.136480 0.289541
1 0.529337 0.858418 0.108418 0.270408
1 0.586735 0.868622 0.159439 0.262755
1 0.667730 0.742985 0.183673 0.248724
1 0.912946 0.904337 0.174107 0.191326
1 0.764031 0.597577 0.243622 0.215561
0 0.885523 0.440689 0.228954 0.230867
0 0.115115 0.779974 0.230230 0.286990
0 0.873087 0.167730 0.170918 0.118622