1 0.167092 0.832270 0.246173 0.335459
1 0.092793 0.544643 0.185586 0.369898
1 0.079401 0.120536 0.158801 0.241071
1 0.308036 0.604592 0.219388 0.178571
1 0.435587 0.769133 0.117347 0.214286
1 0.556122 0.873724 0.149235 0.252551
1 0.670281 0.467474 0.176020 0.281888
1 0.578444 0.288903 0.142857 0.220663
1 0.478954 0.402423 0.183673 0.195153
1 0.399872 0.105867 0.109694 0.211734
1 0.258291 0.121173 0.109694 0.102041
1 0.711735 0.189413 0.139031 0.264031
1 0.677934 0.153061 0.176020 0.250000
1 0.908801 0.239158 0.071429 0.292092
1 0.838010 0.338010 0.057398 0.183673
1 0.845663 0.459821 0.264031 0.184949
1 0.877551 0.708546 0.080357 0.207908
0 0.955676 0.876276 0.088648 0.244898
0 0.632653 0.670918 0.279337 0.275510
0 0.312500 0.490434 0.266582 0.210459