0 0.214923 0.869898 0.122449 0.250000
0 0.370536 0.815051 0.145408 0.178571
0 0.144133 0.622449 0.103316 0.122449
0 0.618357 0.573182 0.092474 0.136586
0 0.533234 0.251205 0.086451 0.148101
0 0.684878 0.290887 0.053855 0.220380
0 0.762117 0.264668 0.060941 0.111253
1 0.768849 0.360686 0.091412 0.114796
1 0.958404 0.428005 0.075113 0.181406
1 0.853883 0.867701 0.167942 0.209042
1 0.866638 0.746882 0.124008 0.107710
1 0.845380 0.616142 0.128260 0.194870
1 0.934666 0.585672 0.058815 0.115505
1 0.672123 0.711097 0.167234 0.193452
1 0.715703 0.577877 0.107001 0.142432
1 0.705074 0.445720 0.074405 0.123299
1 0.849632 0.393282 0.063067 0.153061
1 0.607639 0.424107 0.082200 0.122591
1 0.552012 0.426942 0.050312 0.121173
1 0.465561 0.451743 0.098498 0.141015
1 0.378401 0.492489 0.135346 0.140306
1 0.282738 0.491780 0.067319 0.072279
1 0.618622 0.892928 0.213294 0.214144
1 0.479025 0.753614 0.070153 0.235969
1 0.562996 0.697279 0.059524 0.198413
1 0.502409 0.593467 0.108418 0.109836
1 0.419501 0.636338 0.087160 0.208333
1 0.409935 0.328798 0.080782 0.124717
1 0.286990 0.380882 0.080074 0.129677
1 0.233844 0.374504 0.064484 0.105584
1 0.144558 0.279904 0.080074 0.099206
1 0.140660 0.176091 0.060941 0.114087
1 0.029408 0.528274 0.056689 0.165108
1 0.062181 0.768141 0.124362 0.228175
1 0.118339 0.912769 0.204790 0.174461
1 0.217191 0.662911 0.079365 0.179280
1 0.216837 0.532880 0.074405 0.094955
1 0.352537 0.108418 0.052438 0.094955
1 0.431193 0.161210 0.073696 0.087160
1 0.315334 0.255456 0.034722 0.048895
1 0.267503 0.244827 0.060941 0.082908
1 0.294785 0.194515 0.061650 0.051729