0 0.624764 0.191799 0.164399 0.162509
0 0.788218 0.123299 0.130385 0.246598
0 0.857899 0.372024 0.099679 0.120465
1 0.282266 0.873488 0.074641 0.109599
1 0.224632 0.904904 0.044407 0.061886
1 0.039092 0.837821 0.078184 0.103458
1 0.190618 0.793651 0.054800 0.072751
1 0.141487 0.794832 0.048186 0.072279
1 0.576105 0.834514 0.067082 0.090231
1 0.645550 0.899235 0.059524 0.087396
1 0.850104 0.814909 0.072751 0.136054
1 0.845852 0.716175 0.071807 0.099206
1 0.734363 0.754204 0.060469 0.088341
1 0.696098 0.786092 0.051965 0.094482
1 0.761291 0.627834 0.061413 0.108655
1 0.713341 0.610355 0.074169 0.147392
1 0.640353 0.658305 0.075586 0.097789
1 0.578231 0.671533 0.075113 0.140306
1 0.976002 0.465089 0.044879 0.168651
1 0.777353 0.460837 0.079365 0.110072
1 0.705782 0.508551 0.059051 0.084562
1 0.785147 0.343443 0.065665 0.160620
1 0.608466 0.496032 0.152589 0.176682
1 0.581302 0.370843 0.088813 0.197468
1 0.527211 0.548469 0.106293 0.144558
1 0.444303 0.580121 0.064248 0.132275
1 0.394936 0.568311 0.086451 0.149282
1 0.890967 0.089522 0.204554 0.179044
1 0.938988 0.233844 0.122024 0.197468
1 0.529337 0.242111 0.083144 0.244237
1 0.495323 0.400841 0.111489 0.137472
1 0.434146 0.303760 0.062831 0.198413
1 0.384307 0.106293 0.224868 0.212585
1 0.327617 0.293604 0.167234 0.198885
1 0.292423 0.421863 0.109127 0.129441
1 0.309193 0.484930 0.076531 0.154478
1 0.235969 0.640826 0.089758 0.098734
1 0.042045 0.569492 0.074169 0.175265
1 0.155896 0.385960 0.121410 0.173847
1 0.132511 0.250850 0.154006 0.108655
1 0.128023 0.135818 0.175265 0.162982
0 0.381944 0.700350 0.077475 0.121410
0 0.465797 0.745229 0.090231 0.150699
0 0.459420 0.687831 0.043462 0.080310
0 0.313681 0.723498 0.069444 0.176209