1 0.721939 0.828444 0.164541 0.343112
1 0.793367 0.669643 0.151786 0.209184
1 0.772959 0.549745 0.105867 0.170918
1 0.890306 0.470663 0.090561 0.193878
1 0.717474 0.397321 0.130102 0.230867
1 0.840561 0.329719 0.118622 0.235969
1 0.932717 0.250000 0.134566 0.239796
1 0.644770 0.155612 0.117347 0.232143
1 0.515306 0.280612 0.164541 0.275510
1 0.508291 0.426020 0.081633 0.267857
1 0.222577 0.281250 0.204082 0.325255
1 0.112883 0.873724 0.117347 0.252551
0 0.079401 0.650510 0.158801 0.364796
0 0.312500 0.602041 0.325255 0.326531
0 0.372449 0.803571 0.149235 0.349490
0 0.525510 0.760842 0.190051 0.353316
0 0.890306 0.869898 0.210459 0.214286
0 0.634566 0.474490 0.137755 0.313776