1 0.366071 0.855867 0.141582 0.099490
1 0.562500 0.705995 0.207908 0.103316
1 0.812500 0.738520 0.141582 0.068878
1 0.382015 0.701531 0.058673 0.122449
1 0.491071 0.518495 0.090561 0.136480
1 0.813138 0.294643 0.252551 0.413265
1 0.767857 0.853954 0.085459 0.200255
1 0.136161 0.103954 0.272321 0.207908
1 0.104911 0.441964 0.209821 0.432398
0 0.439413 0.332908 0.484694 0.408163
0 0.930804 0.736607 0.138392 0.258929
0 0.944196 0.938138 0.111607 0.123724
0 0.588010 0.625638 0.164541 0.195153
1 0.684949 0.531250 0.133929 0.276786
1 0.215561 0.883291 0.103316 0.182398
0 0.769133 0.613520 0.072704 0.198980