0 0.363692 0.678484 0.096577 0.178484
0 0.948655 0.335575 0.073350 0.123472
1 0.833741 0.145477 0.085575 0.124694
0 0.206601 0.344743 0.107579 0.139364
0 0.562958 0.627751 0.035452 0.099022
0 0.556846 0.764670 0.123472 0.182152
1 0.490220 0.072127 0.080685 0.141809
0 0.955379 0.482885 0.089242 0.122249
0 0.773839 0.786064 0.193154 0.251834
1 0.429095 0.476161 0.090465 0.199267
0 0.832518 0.265281 0.070905 0.092910
1 0.960269 0.899144 0.079462 0.201711
1 0.053178 0.188264 0.079462 0.207824
0 0.080685 0.705379 0.141809 0.212714
1 0.294010 0.757335 0.062347 0.169927