0 0.231663 0.819682 0.162592 0.270171
0 0.585575 0.500611 0.146699 0.155257
0 0.543399 0.540342 0.030562 0.078240
0 0.537286 0.638142 0.099022 0.132029
0 0.394866 0.558068 0.068460 0.135697
1 0.168704 0.176650 0.073350 0.143032
1 0.122249 0.307457 0.102689 0.152812
0 0.875306 0.426650 0.100244 0.134474
1 0.850244 0.324572 0.057457 0.118582
0 0.766504 0.275672 0.044010 0.084352
0 0.963936 0.360024 0.067237 0.121027
1 0.918093 0.205379 0.095355 0.112469
1 0.770171 0.174205 0.068460 0.113692
1 0.938264 0.780562 0.123472 0.211491
1 0.843521 0.087408 0.090465 0.123472
1 0.510391 0.109413 0.059902 0.128362